0.14	0.00	0.14
0.57	0.09	0.48
0.71	0.26	0.45
0.86	0.35	0.51
1.00	0.53	0.47
1.14	0.62	0.53
1.29	0.79	0.49
1.43	0.88	0.55
1.57	1.05	0.52
1.71	1.14	0.57
1.86	1.32	0.54
2.00	1.41	0.59
2.14	1.58	0.56
2.29	1.67	0.62
2.43	1.85	0.58
2.57	1.93	0.64
2.71	2.11	0.60
2.86	2.29	0.57
3.00	2.46	0.54
3.14	2.55	0.59
3.29	2.72	0.56
3.43	2.81	0.62
3.57	2.99	0.58
3.71	3.08	0.64
3.86	3.16	0.69
4.00	3.34	0.66
4.14	3.52	0.63
4.29	3.60	0.68
4.43	3.69	0.74
4.57	3.87	0.70
4.71	4.04	0.67
4.86	4.13	0.73
5.00	4.22	0.78
5.14	4.31	0.84
5.29	4.48	0.80
5.43	4.66	0.77
5.57	4.75	0.83
5.71	4.83	0.88
5.86	5.01	0.85
6.00	5.19	0.81
6.14	5.36	0.78
6.29	5.45	0.84
6.43	5.63	0.80
6.57	5.80	0.77
6.71	5.98	0.74
6.86	6.15	0.70
7.00	6.33	0.67
7.14	6.50	0.64
7.29	6.68	0.61
7.43	6.86	0.57
7.57	7.03	0.54
7.71	7.21	0.51
7.86	7.38	0.47
8.00	7.47	0.53
8.14	7.65	0.50
8.29	7.73	0.55
8.43	7.82	0.61
8.57	7.91	0.66
8.71	8.00	0.72
8.86	8.09	0.77
9.00	8.26	0.74
9.14	8.44	0.71
9.29	8.53	0.76
9.43	8.70	0.73
9.57	8.88	0.69
9.71	8.96	0.75
9.86	9.14	0.72
10.00	9.32	0.68
10.14	9.49	0.65
10.29	9.58	0.71
10.43	9.76	0.67
10.57	9.93	0.64
10.71	10.02	0.69
10.86	10.20	0.66
11.00	10.28	0.72
11.14	10.46	0.68
11.29	10.63	0.65
11.43	10.81	0.62
11.57	10.90	0.67
11.71	11.07	0.64
11.86	11.25	0.61
12.00	11.34	0.66
12.14	11.51	0.63
12.29	11.60	0.68
12.43	11.69	0.74
12.57	11.87	0.71
12.71	12.04	0.67
12.86	12.22	0.64
13.00	12.48	0.52
13.14	12.57	0.57
13.29	12.66	0.63
13.43	12.74	0.68
13.57	12.83	0.74
13.71	12.92	0.79
13.86	13.10	0.76
14.00	13.18	0.82
14.14	13.36	0.78
14.29	13.45	0.84
14.43	13.62	0.81
14.57	13.80	0.77
14.71	13.89	0.83
14.86	14.06	0.79
15.00	14.15	0.85
15.14	14.33	0.82
15.29	14.50	0.78
15.43	14.68	0.75
15.57	14.77	0.81
15.71	15.03	0.68
15.86	15.12	0.74
16.00	15.29	0.71
16.14	15.47	0.67
16.29	15.56	0.73
16.43	15.73	0.70
16.57	15.82	0.75
16.71	16.00	0.72
16.86	16.17	0.69
17.00	16.26	0.74
17.14	16.26	0.88
17.29	16.35	0.94
17.43	16.44	0.99
17.57	16.52	1.05
17.71	16.70	1.02
17.86	16.79	1.07
18.00	16.96	1.04
18.14	17.05	1.09
18.29	17.14	1.15
18.43	17.31	1.11
18.57	17.40	1.17
18.71	17.58	1.14
18.86	17.67	1.19
19.00	17.84	1.16
19.14	17.93	1.21
19.29	18.11	1.18
19.43	18.28	1.15
19.57	18.37	1.20
19.71	18.46	1.26
19.86	18.63	1.22
20.00	18.81	1.19
20.14	18.90	1.25
20.29	18.98	1.30
20.43	19.16	1.27
20.57	19.25	1.32
20.71	19.42	1.29
20.86	19.51	1.35
21.00	19.60	1.40
21.14	19.78	1.37
21.29	19.95	1.33
21.43	20.04	1.39
21.57	20.13	1.44
21.71	20.30	1.41
21.86	20.48	1.38
22.00	20.57	1.43
22.14	20.65	1.49
22.29	20.74	1.54
22.43	20.83	1.60
22.57	21.01	1.57
22.71	21.18	1.53
22.86	21.27	1.59
23.00	21.36	1.64
23.14	21.53	1.61
23.29	21.71	1.58
23.43	21.88	1.54
23.57	21.97	1.60
23.71	22.06	1.65
23.86	22.24	1.62
24.00	22.50	1.50
24.14	22.59	1.55
24.29	22.76	1.52
24.43	22.85	1.58
24.57	23.03	1.54
24.71	23.12	1.60
24.86	23.29	1.57
25.00	23.38	1.62
25.14	23.47	1.68
25.29	23.64	1.64
25.43	23.73	1.70
25.57	23.82	1.75
25.71	23.91	1.81
25.86	23.91	1.95
26.00	23.99	2.01
26.14	24.08	2.06
26.29	24.26	2.03
26.43	24.35	2.08
26.57	24.43	2.14
26.71	24.61	2.10
26.86	24.70	2.16
27.00	24.79	2.21
27.14	24.87	2.27
27.29	25.05	2.24
27.43	25.14	2.29
27.57	25.22	2.35
27.71	25.40	2.31
27.86	25.49	2.37
28.00	25.58	2.42
28.14	25.66	2.48
28.29	25.75	2.53
28.43	25.84	2.59
28.57	26.02	2.56
28.71	26.10	2.61
28.86	26.19	2.67
29.00	26.28	2.72
29.14	26.46	2.69
29.29	26.54	2.74
29.43	26.63	2.80
29.57	26.72	2.85
29.71	26.81	2.91
29.86	26.89	2.96
30.00	27.07	2.93
30.14	27.25	2.90
30.29	27.33	2.95
30.43	27.51	2.92
30.57	27.51	3.06
30.71	27.60	3.12
30.86	27.69	3.17
31.00	27.77	3.23
31.14	27.95	3.19
31.29	28.04	3.25
31.43	28.13	3.30
31.57	28.21	3.36
31.71	28.30	3.41
31.86	28.48	3.38
32.00	28.56	3.44
32.14	28.65	3.49
32.29	28.74	3.55
32.43	28.92	3.51
32.57	29.09	3.48
32.71	29.27	3.45
32.86	29.44	3.41
33.00	29.53	3.47
33.14	29.71	3.44
33.29	29.88	3.40
33.43	29.97	3.46
33.57	30.15	3.42
33.71	30.32	3.39
33.86	30.41	3.45
34.00	30.59	3.41
34.14	30.67	3.47
34.29	30.67	3.61
34.43	30.76	3.67
34.57	30.85	3.72
34.71	30.94	3.78
34.86	31.11	3.74
35.00	31.20	3.80
35.14	31.38	3.77
35.29	31.46	3.82
35.43	31.55	3.88
35.57	31.73	3.84
35.71	31.82	3.90
35.86	31.99	3.86
36.00	32.17	3.83
36.14	32.26	3.89
36.29	32.43	3.85
36.43	32.61	3.82
36.57	32.70	3.88
36.71	32.78	3.93
36.86	32.96	3.90
37.00	33.13	3.87
37.14	33.22	3.92
37.29	33.40	3.89
37.43	33.49	3.94
37.57	33.66	3.91
37.71	33.75	3.96
37.86	33.84	4.02
38.00	34.01	3.99
38.14	34.10	4.04
38.29	34.19	4.10
38.43	34.37	4.06
38.57	34.45	4.12
38.71	34.54	4.17
38.86	34.72	4.14
39.00	34.80	4.20
39.14	34.89	4.25
39.29	34.98	4.31
39.43	35.07	4.36
39.57	35.16	4.42
39.71	35.24	4.47
39.86	35.42	4.44
40.00	35.51	4.49
40.14	35.60	4.55
40.29	35.77	4.51
40.43	35.95	4.48
40.57	36.04	4.54
40.71	36.12	4.59
40.86	36.30	4.56
41.00	36.47	4.53
41.14	36.65	4.49
41.29	36.74	4.55
41.43	36.91	4.51
41.57	37.09	4.48
41.71	37.18	4.54
41.86	37.35	4.50
42.00	37.44	4.56
42.14	37.62	4.53
42.29	37.71	4.58
42.43	37.88	4.55
42.57	37.97	4.60
42.71	38.06	4.66
42.86	38.14	4.71
43.00	38.23	4.77
43.14	38.23	4.91
43.29	38.41	4.88
43.43	38.50	4.93
43.57	38.67	4.90
43.71	38.76	4.95
43.86	38.94	4.92
44.00	39.02	4.98
44.14	39.11	5.03
44.29	39.29	5.00
44.43	39.38	5.05
44.57	39.46	5.11
44.71	39.64	5.08
44.86	39.81	5.04
45.00	39.90	5.10
45.14	39.99	5.15
45.29	40.17	5.12
45.43	40.25	5.17
45.57	40.43	5.14
45.71	40.61	5.11
45.86	40.69	5.16
46.00	40.87	5.13
46.14	40.96	5.19
46.29	41.13	5.15
46.43	41.22	5.21
46.57	41.31	5.26
46.71	41.40	5.32
46.86	41.57	5.28
47.00	41.66	5.34
47.14	41.92	5.22
47.29	42.10	5.19
47.43	42.19	5.24
47.57	42.36	5.21
47.71	42.36	5.35
47.86	42.54	5.32
48.00	42.63	5.37
48.14	42.71	5.43
48.29	42.89	5.40
48.43	42.98	5.45
48.57	43.07	5.50
48.71	43.24	5.47
48.86	43.42	5.44
49.00	43.59	5.41
49.14	43.68	5.46
49.29	43.86	5.43
49.43	43.95	5.48
49.57	44.12	5.45
49.71	44.30	5.42
49.86	44.38	5.47
50.00	44.56	5.44
50.14	44.74	5.41
50.29	44.82	5.46
50.43	45.00	5.43
50.57	45.09	5.48
50.71	45.26	5.45
50.86	45.35	5.51
51.00	45.53	5.47
51.14	45.62	5.53
51.29	45.70	5.58
51.43	45.79	5.64
51.57	45.88	5.69
51.71	45.97	5.75
51.86	46.05	5.80
52.00	46.23	5.77
52.14	46.32	5.82
52.29	46.49	5.79
52.43	46.58	5.85
52.57	46.67	5.90
52.71	46.85	5.87
52.86	46.93	5.92
53.00	47.11	5.89
53.14	47.20	5.95
53.29	47.37	5.91
53.43	47.46	5.97
53.57	47.64	5.93
53.71	47.72	5.99
53.86	47.81	6.04
54.00	47.99	6.01
54.14	48.08	6.07
54.29	48.25	6.03
54.43	48.43	6.00
54.57	48.52	6.06
54.71	48.60	6.11
54.86	48.78	6.08
55.00	48.96	6.04
55.14	49.04	6.10
55.29	49.13	6.15
55.43	49.31	6.12
55.57	49.48	6.09
55.71	49.57	6.14
55.86	49.66	6.20
56.00	49.83	6.17
56.14	49.92	6.22
56.29	50.01	6.28
56.43	50.10	6.33
56.57	50.19	6.39
56.71	50.27	6.44
56.86	50.45	6.41
57.00	50.54	6.46
57.14	50.63	6.52
57.29	50.80	6.48
57.43	50.98	6.45
57.57	51.06	6.51
57.71	51.24	6.47
57.86	51.33	6.53
58.00	51.50	6.50
58.14	51.68	6.46
58.29	51.86	6.43
58.43	52.03	6.40
58.57	52.21	6.36
58.71	52.38	6.33
58.86	52.56	6.30
59.00	52.73	6.27
59.14	52.82	6.32
59.29	53.00	6.29
59.43	53.26	6.17
59.57	53.35	6.22
59.71	53.53	6.19
59.86	53.61	6.24
60.00	53.70	6.30
60.14	53.79	6.35
60.29	53.88	6.41
60.43	54.05	6.38
60.57	54.23	6.34
60.71	54.32	6.40
60.86	54.58	6.28
61.00	54.67	6.33
61.14	54.84	6.30
61.29	55.02	6.27
61.43	55.20	6.23
61.57	55.37	6.20
61.71	55.55	6.17
61.86	55.63	6.22
62.00	55.90	6.10
62.14	56.07	6.07
62.29	56.25	6.04
62.43	56.34	6.09
62.57	56.51	6.06
62.71	56.69	6.02
62.86	56.95	5.90
63.00	57.04	5.96
63.14	57.22	5.93
63.29	57.30	5.98
63.43	57.48	5.95
63.57	57.57	6.00
63.71	57.74	5.97
63.86	57.83	6.03
64.00	57.92	6.08
64.14	58.10	6.05
64.29	58.36	5.93
64.43	58.54	5.89
64.57	58.71	5.86
64.71	58.80	5.92
64.86	58.89	5.97
65.00	59.06	5.94
65.14	59.15	5.99
65.29	59.24	6.05
65.43	59.41	6.01
65.57	59.50	6.07
65.71	59.59	6.12
65.86	59.77	6.09
66.00	59.94	6.06
66.14	60.03	6.11
66.29	60.21	6.08
66.43	60.29	6.14
66.57	60.38	6.19
66.71	60.56	6.16
66.86	60.73	6.12
67.00	60.82	6.18
67.14	61.00	6.15
67.29	61.08	6.20
67.43	61.26	6.17
67.57	61.44	6.14
67.71	61.61	6.10
67.86	61.70	6.16
68.00	61.88	6.12
68.14	62.05	6.09
68.29	62.14	6.15
68.43	62.31	6.11
68.57	62.31	6.26
68.71	62.40	6.31
68.86	62.58	6.28
69.00	62.67	6.33
69.14	62.84	6.30
69.29	63.02	6.27
69.43	63.19	6.24
69.57	63.28	6.29
69.71	63.46	6.26
69.86	63.63	6.22
70.00	63.72	6.28
70.14	63.90	6.25
70.29	64.07	6.21
70.43	64.25	6.18
70.57	64.42	6.15
70.71	64.60	6.11
70.86	64.69	6.17
71.00	64.86	6.14
71.14	65.04	6.10
71.29	65.21	6.07
71.43	65.48	5.95
71.57	65.65	5.92
71.71	65.74	5.97
71.86	66.01	5.85
72.00	66.18	5.82
72.14	66.36	5.79
72.29	66.53	5.75
72.43	66.62	5.81
72.57	66.80	5.77
72.71	67.15	5.57
72.86	67.24	5.62
73.00	67.32	5.68
73.14	67.59	5.55
73.29	67.76	5.52
73.43	67.94	5.49
73.57	68.03	5.54
73.71	68.20	5.51
73.86	68.38	5.48
74.00	68.55	5.45
74.14	68.73	5.41
74.29	68.82	5.47
74.43	69.08	5.35
74.57	69.26	5.31
74.71	69.43	5.28
74.86	69.61	5.25
75.00	69.79	5.21
75.14	69.96	5.18
75.29	70.14	5.15
75.43	70.40	5.03
75.57	70.58	5.00
75.71	70.75	4.96
75.86	70.93	4.93
76.00	71.10	4.90
76.14	71.28	4.86
76.29	71.46	4.83
76.43	71.63	4.80
76.57	71.72	4.85
76.71	71.98	4.73
76.86	72.07	4.79
77.00	72.25	4.75
77.14	72.33	4.81
77.29	72.33	4.95
77.43	72.51	4.92
77.57	72.60	4.97
77.71	72.77	4.94
77.86	72.95	4.91
78.00	73.13	4.87
78.14	73.30	4.84
78.29	73.39	4.90
78.43	73.56	4.86
78.57	73.74	4.83
78.71	73.92	4.80
78.86	74.00	4.85
79.00	74.18	4.82
79.14	74.36	4.79
79.29	74.53	4.75
79.43	74.62	4.81
79.57	74.79	4.78
79.71	74.97	4.74
79.86	75.15	4.71
80.00	75.32	4.68
80.14	75.41	4.73
80.29	75.59	4.70
80.43	75.76	4.67
80.57	75.94	4.63
80.71	76.03	4.69
80.86	76.20	4.66
81.00	76.29	4.71
81.14	76.46	4.68
81.29	76.64	4.65
81.43	76.90	4.52
81.57	77.08	4.49
81.71	77.26	4.46
81.86	77.43	4.43
82.00	77.52	4.48
82.14	77.61	4.54
82.29	77.78	4.50
82.43	77.87	4.56
82.57	78.05	4.52
82.71	78.22	4.49
82.86	78.31	4.55
83.00	78.49	4.51
83.14	78.75	4.39
83.29	78.93	4.36
83.43	79.10	4.33
83.57	79.28	4.29
83.71	79.45	4.26
83.86	79.63	4.23
84.00	79.89	4.11
84.14	80.07	4.07
84.29	80.24	4.04
84.43	80.42	4.01
84.57	80.68	3.89
84.71	80.86	3.85
84.86	81.04	3.82
85.00	81.21	3.79
85.14	81.39	3.76
85.29	81.56	3.72
85.43	81.74	3.69
85.57	81.83	3.75
85.71	81.91	3.80
85.86	82.00	3.86
86.00	82.09	3.91
86.14	82.27	3.88
86.29	82.44	3.84
86.43	82.62	3.81
86.57	82.88	3.69
86.71	83.06	3.66
86.86	83.14	3.71
87.00	83.41	3.59
87.14	83.58	3.56
87.29	83.76	3.53
87.43	84.02	3.41
87.57	84.11	3.46
87.71	84.38	3.34
87.86	84.55	3.31
88.00	84.73	3.27
88.14	84.90	3.24
88.29	85.08	3.21
88.43	85.25	3.17
88.57	85.43	3.14
88.71	85.61	3.11
88.86	85.69	3.16
89.00	85.87	3.13
89.14	86.05	3.10
89.29	86.22	3.06
89.43	86.31	3.12
89.57	86.48	3.09
89.71	86.66	3.05
89.86	86.92	2.93
90.00	87.01	2.99
90.14	87.10	3.04
90.29	87.36	2.92
90.43	87.54	2.89
90.57	87.63	2.94
90.71	87.71	3.00
90.86	87.89	2.97
91.00	88.07	2.93
91.14	88.24	2.90
91.29	88.42	2.87
91.43	88.51	2.92
91.57	88.68	2.89
91.71	88.95	2.77
91.86	89.12	2.74
92.00	89.21	2.79
92.14	89.38	2.76
92.29	89.56	2.73
92.43	89.82	2.60
92.57	90.09	2.48
92.71	90.26	2.45
92.86	90.53	2.33
93.00	90.70	2.30
93.14	90.88	2.26
93.29	91.05	2.23
93.43	91.23	2.20
93.57	91.41	2.17
93.71	91.58	2.13
93.86	91.76	2.10
94.00	91.93	2.07
94.14	92.02	2.12
94.29	92.11	2.18
94.43	92.20	2.23
94.57	92.29	2.29
94.71	92.46	2.25
94.86	92.64	2.22
95.00	92.81	2.19
95.14	92.99	2.15
95.29	93.16	2.12
95.43	93.34	2.09
95.57	93.52	2.06
95.71	93.69	2.02
95.86	93.87	1.99
96.00	94.04	1.96
96.14	94.22	1.92
96.29	94.39	1.89
96.43	94.66	1.77
96.57	94.75	1.83
96.71	94.92	1.79
96.86	95.10	1.76
97.00	95.27	1.73
97.14	95.54	1.61
97.29	95.63	1.66
97.43	95.80	1.63
97.57	95.98	1.59
97.71	96.15	1.56
97.86	96.33	1.53
98.00	96.50	1.50
98.14	96.59	1.55
98.29	96.77	1.52
98.43	96.94	1.49
98.57	97.21	1.36
98.71	97.47	1.24
98.86	97.65	1.21
99.00	97.82	1.18
99.14	97.91	1.23
99.29	98.09	1.20
99.43	98.26	1.17
99.57	98.44	1.13
99.71	98.61	1.10
99.86	98.79	1.07
100.00	98.88	1.12
100.14	99.14	1.00
100.29	99.32	0.97
100.43	99.49	0.94
100.57	99.67	0.90
100.71	99.84	0.87
100.86	100.02	0.84
101.00	100.28	0.72
101.14	100.46	0.68
101.29	100.63	0.65
101.43	100.81	0.62
101.57	100.99	0.59
101.71	101.16	0.55
101.86	101.34	0.52
102.00	101.43	0.57
102.14	101.69	0.45
102.29	101.87	0.42
102.43	101.95	0.48
102.57	102.13	0.44
102.71	102.30	0.41
102.86	102.30	0.55
103.00	102.48	0.52
103.14	102.57	0.57
103.29	102.66	0.63
103.43	102.83	0.60
103.57	103.01	0.56
103.71	103.18	0.53
103.86	103.27	0.59
104.00	103.45	0.55
104.14	103.71	0.43
104.29	103.80	0.49
104.43	103.97	0.45
104.57	104.15	0.42
104.71	104.24	0.48
104.86	104.50	0.36
105.00	104.59	0.41
105.14	104.77	0.38
105.29	104.94	0.34
105.43	105.03	0.40
105.57	105.21	0.37
105.71	105.47	0.25
105.86	105.56	0.30
106.00	105.73	0.27
106.14	105.91	0.23
106.29	106.00	0.29
106.43	106.17	0.26
106.57	106.35	0.22
106.71	106.44	0.28
106.86	106.52	0.33
107.00	106.79	0.21
107.14	106.88	0.27
107.29	106.96	0.32
107.43	107.23	0.20
107.57	107.40	0.17
107.71	107.49	0.22
107.86	107.58	0.28
108.00	107.75	0.25
108.14	107.84	0.30
108.29	108.11	0.18
108.43	108.19	0.24
108.57	108.28	0.29
108.71	108.46	0.26
108.86	108.72	0.14
109.00	108.81	0.19
109.14	108.98	0.16
109.29	109.16	0.13
109.43	109.34	0.09
109.57	109.60	-0.03
109.71	109.78	-0.06
109.86	109.95	-0.09
110.00	110.21	-0.21
110.14	110.39	-0.25
110.29	110.57	-0.28
110.43	110.74	-0.31
110.57	110.92	-0.35
110.71	111.09	-0.38
110.86	111.27	-0.41
111.00	111.45	-0.45
111.14	111.62	-0.48
111.29	111.71	-0.42
111.43	111.80	-0.37
111.57	111.88	-0.31
111.71	111.97	-0.26
111.86	112.15	-0.29
112.00	112.32	-0.32
112.14	112.41	-0.27
112.29	112.68	-0.39
112.43	112.76	-0.34
112.57	112.94	-0.37
112.71	113.12	-0.40
112.86	113.29	-0.43
113.00	113.55	-0.55
113.14	113.73	-0.59
113.29	113.82	-0.53
113.43	114.08	-0.65
113.57	114.17	-0.60
113.71	114.35	-0.63
113.86	114.52	-0.66
114.00	114.70	-0.70
114.14	114.87	-0.73
114.29	115.14	-0.85
114.43	115.22	-0.80
114.57	115.40	-0.83
114.71	115.58	-0.86
114.86	115.75	-0.89
115.00	115.93	-0.93
115.14	116.02	-0.87
115.29	116.19	-0.91
115.43	116.37	-0.94
115.57	116.54	-0.97
115.71	116.81	-1.09
115.86	117.07	-1.21
116.00	117.25	-1.25
116.14	117.42	-1.28
116.29	117.51	-1.22
116.43	117.60	-1.17
116.57	117.77	-1.20
116.71	117.95	-1.24
116.86	118.04	-1.18
117.00	118.21	-1.21
117.14	118.39	-1.25
117.29	118.56	-1.28
117.43	118.83	-1.40
117.57	118.92	-1.34
117.71	119.18	-1.47
117.86	119.36	-1.50
118.00	119.53	-1.53
118.14	119.71	-1.56
118.29	119.97	-1.68
118.43	120.06	-1.63
118.57	120.32	-1.75
118.71	120.50	-1.78
118.86	120.76	-1.90
119.00	120.94	-1.94
119.14	121.11	-1.97
119.29	121.29	-2.00
119.43	121.38	-1.95
119.57	121.64	-2.07
119.71	121.73	-2.01
119.86	121.90	-2.05
120.00	121.99	-1.99
120.14	122.08	-1.94
120.29	122.17	-1.88
120.43	122.34	-1.92
120.57	122.52	-1.95
120.71	122.61	-1.89
120.86	122.78	-1.93
121.00	122.96	-1.96
121.14	123.13	-1.99
121.29	123.31	-2.02
121.43	123.49	-2.06
121.57	123.66	-2.09
121.71	123.84	-2.12
121.86	124.01	-2.16
122.00	124.19	-2.19
122.14	124.37	-2.22
122.29	124.54	-2.26
122.43	124.72	-2.29
122.57	124.89	-2.32
122.71	125.07	-2.35
122.86	125.24	-2.39
123.00	125.42	-2.42
123.14	125.51	-2.36
123.29	125.77	-2.49
123.43	125.95	-2.52
123.57	126.12	-2.55
123.71	126.30	-2.58
123.86	126.39	-2.53
124.00	126.56	-2.56
124.14	126.91	-2.77
124.29	127.00	-2.72
124.43	127.09	-2.66
124.57	127.35	-2.78
124.71	127.62	-2.90
124.86	127.70	-2.85
125.00	127.88	-2.88
125.14	127.97	-2.83
125.29	128.14	-2.86
125.43	128.32	-2.89
125.57	128.50	-2.92
125.71	128.67	-2.96
125.86	128.76	-2.90
126.00	129.02	-3.02
126.14	129.20	-3.06
126.29	129.37	-3.09
126.43	129.55	-3.12
126.57	129.73	-3.15
126.71	129.99	-3.28
126.86	130.17	-3.31
127.00	130.34	-3.34
127.14	130.61	-3.46
127.29	130.78	-3.50
127.43	130.96	-3.53
127.57	131.13	-3.56
127.71	131.31	-3.59
127.86	131.48	-3.63
128.00	131.57	-3.57
128.14	131.75	-3.61
128.29	131.92	-3.64
128.43	132.01	-3.58
128.57	132.10	-3.53
128.71	132.19	-3.47
128.86	132.28	-3.42
129.00	132.36	-3.36
129.14	132.63	-3.48
129.29	132.80	-3.52
129.43	132.89	-3.46
129.57	133.07	-3.49
129.71	133.24	-3.53
129.86	133.42	-3.56
130.00	133.51	-3.51
130.14	133.68	-3.54
130.29	133.86	-3.57
130.43	133.95	-3.52
130.57	134.12	-3.55
130.71	134.30	-3.58
130.86	134.47	-3.62
131.00	134.56	-3.56
131.14	134.74	-3.59
131.29	134.91	-3.63
131.43	135.09	-3.66
131.57	135.18	-3.60
131.71	135.35	-3.64
131.86	135.53	-3.67
132.00	135.62	-3.62
132.14	135.79	-3.65
132.29	135.88	-3.59
132.43	136.05	-3.63
132.57	136.14	-3.57
132.71	136.32	-3.60
132.86	136.58	-3.72
133.00	136.76	-3.76
133.14	136.93	-3.79
133.29	137.11	-3.82
133.43	137.20	-3.77
133.57	137.29	-3.71
133.71	137.37	-3.66
133.86	137.46	-3.60
134.00	137.64	-3.64
134.14	137.81	-3.67
134.29	137.90	-3.61
134.43	138.08	-3.65
134.57	138.25	-3.68
134.71	138.43	-3.71
134.86	138.60	-3.75
135.00	138.69	-3.69
135.14	138.87	-3.72
135.29	139.13	-3.84
135.43	139.31	-3.88
135.57	139.39	-3.82
135.71	139.66	-3.94
135.86	139.83	-3.98
136.00	140.01	-4.01
136.14	140.19	-4.04
136.29	140.36	-4.08
136.43	140.54	-4.11
136.57	140.71	-4.14
136.71	140.80	-4.09
136.86	140.98	-4.12
137.00	141.15	-4.15
137.14	141.15	-4.01
137.29	141.24	-3.95
137.43	141.33	-3.90
137.57	141.50	-3.93
137.71	141.68	-3.97
137.86	141.86	-4.00
138.00	141.94	-3.94
138.14	142.12	-3.98
138.29	142.29	-4.01
138.43	142.47	-4.04
138.57	142.65	-4.07
138.71	142.82	-4.11
138.86	143.00	-4.14
139.00	143.09	-4.09
139.14	143.26	-4.12
139.29	143.44	-4.15
139.43	143.53	-4.10
139.57	143.70	-4.13
139.71	143.88	-4.16
139.86	144.05	-4.20
140.00	144.23	-4.23
140.14	144.40	-4.26
140.29	144.49	-4.21
140.43	144.67	-4.24
140.57	144.84	-4.27
140.71	144.93	-4.22
140.86	145.11	-4.25
141.00	145.20	-4.20
141.14	145.37	-4.23
141.29	145.55	-4.26
141.43	145.72	-4.29
141.57	145.81	-4.24
141.71	145.99	-4.27
141.86	146.07	-4.22
142.00	146.25	-4.25
142.14	146.34	-4.19
142.29	146.43	-4.14
142.43	146.60	-4.17
142.57	146.69	-4.12
142.71	146.87	-4.15
142.86	146.95	-4.10
143.00	147.13	-4.13
143.14	147.30	-4.16
143.29	147.48	-4.19
143.43	147.57	-4.14
143.57	147.74	-4.17
143.71	147.92	-4.21
143.86	148.10	-4.24
144.00	148.36	-4.36
144.14	148.54	-4.39
144.29	148.71	-4.43
144.43	148.89	-4.46
144.57	149.06	-4.49
144.71	149.24	-4.52
144.86	149.33	-4.47
145.00	149.50	-4.50
145.14	149.59	-4.45
145.29	149.85	-4.57
145.43	149.94	-4.51
145.57	150.03	-4.46
145.71	150.12	-4.40
145.86	150.20	-4.35
146.00	150.29	-4.29
146.14	150.38	-4.24
146.29	150.56	-4.27
146.43	150.73	-4.30
146.57	150.82	-4.25
146.71	151.00	-4.28
146.86	151.08	-4.23
147.00	151.26	-4.26
147.14	151.35	-4.20
147.29	151.52	-4.24
147.43	151.70	-4.27
147.57	151.79	-4.22
147.71	151.96	-4.25
147.86	152.14	-4.28
148.00	152.23	-4.23
148.14	152.31	-4.17
148.29	152.49	-4.20
148.43	152.67	-4.24
148.57	152.93	-4.36
148.71	153.02	-4.30
148.86	153.11	-4.25
149.00	153.28	-4.28
149.14	153.46	-4.31
149.29	153.54	-4.26
149.43	153.72	-4.29
149.57	153.81	-4.24
149.71	153.98	-4.27
149.86	154.07	-4.21
150.00	154.34	-4.34
150.14	154.60	-4.46
150.29	154.78	-4.49
150.43	154.86	-4.43
150.57	154.95	-4.38
150.71	155.04	-4.32
150.86	155.21	-4.36
151.00	155.30	-4.30
151.14	155.48	-4.34
151.29	155.65	-4.37
151.43	155.74	-4.31
151.57	155.92	-4.35
151.71	156.09	-4.38
151.86	156.18	-4.32
152.00	156.36	-4.36
152.14	156.53	-4.39
152.29	156.62	-4.34
152.43	156.88	-4.46
152.57	157.06	-4.49
152.71	157.24	-4.52
152.86	157.32	-4.47
153.00	157.50	-4.50
153.14	157.68	-4.53
153.29	157.76	-4.48
153.43	157.94	-4.51
153.57	158.03	-4.46
153.71	158.20	-4.49
153.86	158.38	-4.52
154.00	158.47	-4.47
154.14	158.55	-4.41
154.29	158.64	-4.36
154.43	158.73	-4.30
154.57	158.82	-4.25
154.71	158.91	-4.19
154.86	159.08	-4.22
155.00	159.17	-4.17
155.14	159.35	-4.20
155.29	159.43	-4.15
155.43	159.52	-4.09
155.57	159.70	-4.13
155.71	159.79	-4.07
155.86	159.96	-4.10
156.00	160.14	-4.14
156.14	160.22	-4.08
156.29	160.40	-4.11
156.43	160.49	-4.06
156.57	160.66	-4.09
156.71	160.75	-4.04
156.86	160.84	-3.98
157.00	161.02	-4.02
157.14	161.19	-4.05
157.29	161.28	-3.99
157.43	161.37	-3.94
157.57	161.54	-3.97
157.71	161.63	-3.92
157.86	161.72	-3.86
158.00	161.89	-3.89
158.14	161.98	-3.84
158.29	162.07	-3.78
158.43	162.33	-3.91
158.57	162.33	-3.76
158.71	162.42	-3.71
158.86	162.60	-3.74
159.00	162.77	-3.77
159.14	162.86	-3.72
159.29	162.95	-3.66
159.43	163.04	-3.61
159.57	163.12	-3.55
159.71	163.30	-3.59
159.86	163.39	-3.53
160.00	163.48	-3.48
160.14	163.65	-3.51
160.29	163.83	-3.54
160.43	163.92	-3.49
160.57	164.09	-3.52
160.71	164.18	-3.47
160.86	164.36	-3.50
161.00	164.53	-3.53
161.14	164.71	-3.56
161.29	164.88	-3.60
161.43	165.06	-3.63
161.57	165.23	-3.66
161.71	165.41	-3.70
161.86	165.50	-3.64
162.00	165.67	-3.67
162.14	165.85	-3.71
162.29	165.94	-3.65
162.43	166.11	-3.68
162.57	166.29	-3.72
162.71	166.38	-3.66
162.86	166.46	-3.61
163.00	166.46	-3.46
163.14	166.55	-3.41
163.29	166.73	-3.44
163.43	166.90	-3.48
163.57	166.99	-3.42
163.71	167.17	-3.45
163.86	167.34	-3.49
164.00	167.43	-3.43
164.14	167.61	-3.46
164.29	167.70	-3.41
164.43	167.87	-3.44
164.57	168.05	-3.48
164.71	168.13	-3.42
164.86	168.31	-3.45
165.00	168.40	-3.40
165.14	168.57	-3.43
165.29	168.66	-3.38
165.43	168.84	-3.41
165.57	169.01	-3.44
165.71	169.19	-3.48
165.86	169.28	-3.42
166.00	169.37	-3.37
166.14	169.54	-3.40
166.29	169.63	-3.34
166.43	169.72	-3.29
166.57	169.89	-3.32
166.71	169.98	-3.27
166.86	170.07	-3.21
167.00	170.24	-3.24
167.14	170.42	-3.28
167.29	170.60	-3.31
167.43	170.68	-3.25
167.57	170.86	-3.29
167.71	170.95	-3.23
167.86	171.04	-3.18
168.00	171.12	-3.12
168.14	171.21	-3.07
168.29	171.39	-3.10
168.43	171.47	-3.05
168.57	171.56	-2.99
168.71	171.74	-3.02
168.86	171.91	-3.06
169.00	172.09	-3.09
169.14	172.18	-3.03
169.29	172.27	-2.98
169.43	172.44	-3.01
169.57	172.62	-3.05
169.71	172.79	-3.08
169.86	172.88	-3.02
170.00	173.06	-3.06
170.14	173.23	-3.09
170.29	173.41	-3.12
170.43	173.50	-3.07
170.57	173.58	-3.01
170.71	173.76	-3.05
170.86	173.94	-3.08
171.00	174.02	-3.02
171.14	174.11	-2.97
171.29	174.29	-3.00math.
174.29	176.92	-2.64
174.43	177.01	-2.58
174.57	177.10	-2.53
174.71	177.28	-2.56
174.86	177.45	-2.59
175.00	177.54	-2.54
175.14	177.63	-2.48
175.29	177.71	-2.43
175.43	177.80	-2.37
175.57	178.07	-2.49
175.71	178.15	-2.44
175.86	178.24	-2.38
176.00	178.42	-2.42
176.14	178.59	-2.45
176.29	178.68	-2.40
176.43	178.77	-2.34
176.57	178.86	-2.29
176.71	178.95	-2.23
176.86	179.12	-2.26
177.00	179.21	-2.21
177.14	179.38	-2.24
177.29	179.47	-2.19
177.43	179.65	-2.22
177.57	179.82	-2.25
177.71	179.91	-2.20
177.86	180.00	-2.14
178.00	180.18	-2.18
178.14	180.26	-2.12
178.29	180.44	-2.15
178.43	180.53	-2.10
178.57	180.70	-2.13
178.71	180.79	-2.08
178.86	180.97	-2.11
179.00	181.05	-2.05
179.14	181.14	-2.00
179.29	181.32	-2.03
179.43	181.41	-1.98
179.57	181.49	-1.92
179.71	181.67	-1.96
179.86	181.76	-1.90
180.00	181.76	-1.76
180.14	181.85	-1.70
180.29	181.93	-1.65
180.43	182.02	-1.59
180.57	182.11	-1.54
180.71	182.29	-1.57
180.86	182.37	-1.52
181.00	182.46	-1.46
181.14	182.64	-1.49
181.29	182.72	-1.44
181.43	182.81	-1.38
181.57	182.99	-1.42
181.71	183.08	-1.36
181.86	183.16	-1.31
182.00	183.34	-1.34
182.14	183.43	-1.28
182.29	183.52	-1.23
182.43	183.60	-1.17
182.57	183.69	-1.12
182.71	183.87	-1.15
182.86	183.95	-1.10
183.00	184.04	-1.04
183.14	184.13	-0.99
183.29	184.31	-1.02
183.43	184.39	-0.97
183.57	184.48	-0.91
183.71	184.57	-0.86
183.86	184.66	-0.80
184.00	184.75	-0.75
184.14	184.92	-0.78
184.29	185.10	-0.81
184.43	185.19	-0.76
184.57	185.36	-0.79
184.71	185.45	-0.73
184.86	185.54	-0.68
185.00	185.62	-0.62
185.14	185.71	-0.57
185.29	185.80	-0.51
185.43	185.89	-0.46
185.57	186.06	-0.49
185.71	186.06	-0.35
185.86	186.24	-0.38
186.00	186.42	-0.42
186.14	186.50	-0.36
186.29	186.59	-0.31
186.43	186.77	-0.34
186.57	186.86	-0.28
186.71	187.03	-0.32
186.86	187.12	-0.26
187.00	187.29	-0.29
187.14	187.47	-0.33
187.29	187.56	-0.27
187.43	187.73	-0.31
187.57	187.82	-0.25
187.71	188.00	-0.28
187.86	188.09	-0.23
188.00	188.17	-0.17
188.14	188.35	-0.21
188.29	188.44	-0.15
188.43	188.53	-0.10
188.57	188.61	-0.04
188.71	188.70	0.01
188.86	188.70	0.16
189.00	188.88	0.12
189.14	188.96	0.18
189.29	189.05	0.23
189.43	189.23	0.20
189.57	189.32	0.26
189.71	189.40	0.31
189.86	189.58	0.28
190.00	189.67	0.33
190.14	189.84	0.30
190.29	189.93	0.35
190.43	190.02	0.41
190.57	190.20	0.38
190.71	190.28	0.43
190.86	190.46	0.40
191.00	190.55	0.45
191.14	190.63	0.51
191.29	190.81	0.48
191.43	190.90	0.53
191.57	191.07	0.50
191.71	191.16	0.55
191.86	191.25	0.61
192.00	191.34	0.66
192.14	191.43	0.72
192.29	191.51	0.77
192.43	191.60	0.83
192.57	191.78	0.79
192.71	191.95	0.76
192.86	191.95	0.90
193.00	192.13	0.87
193.14	192.22	0.93
193.29	192.39	0.89
193.43	192.48	0.95
193.57	192.48	1.09
193.71	192.66	1.06
193.86	192.74	1.11
194.00	192.83	1.17
194.14	192.92	1.22
194.29	193.01	1.28
194.43	193.18	1.25
194.57	193.27	1.30
194.71	193.36	1.36
194.86	193.54	1.32
195.00	193.62	1.38
195.14	193.80	1.34
195.29	193.89	1.40
195.43	194.06	1.37
195.57	194.15	1.42
195.71	194.33	1.39
195.86	194.41	1.44
196.00	194.59	1.41
196.14	194.68	1.47
196.29	194.77	1.52
196.43	194.94	1.49
196.57	195.03	1.54
196.71	195.12	1.60
196.86	195.29	1.56
197.00	195.38	1.62
197.14	195.47	1.67
197.29	195.47	1.82
197.43	195.56	1.87
197.57	195.64	1.93
197.71	195.73	1.98
197.86	195.82	2.04
198.00	196.00	2.00
198.14	196.08	2.06
198.29	196.17	2.11
198.43	196.35	2.08
198.57	196.44	2.14
198.71	196.52	2.19
198.86	196.61	2.25
199.00	196.79	2.21
199.14	196.87	2.27
199.29	197.05	2.24
199.43	197.14	2.29
199.57	197.23	2.34
199.71	197.31	2.40
199.86	197.49	2.37
200.00	197.67	2.33
200.14	197.67	2.48
200.29	197.84	2.44
200.43	197.93	2.50
200.57	198.11	2.47
200.71	198.19	2.52
200.86	198.28	2.58
201.00	198.37	2.63
201.14	198.54	2.60
201.29	198.63	2.65
201.43	198.81	2.62
201.57	199.07	2.50
201.71	199.16	2.55
201.86	199.34	2.52
202.00	199.42	2.58
202.14	199.51	2.63
202.29	199.60	2.69
202.43	199.69	2.74
202.57	199.86	2.71
202.71	199.95	2.76
202.86	200.04	2.82
203.00	200.21	2.79
203.14	200.39	2.75
203.29	200.57	2.72
203.43	200.65	2.77
203.57	200.74	2.83
203.71	200.92	2.80
203.86	201.09	2.76
204.00	201.27	2.73
204.14	201.36	2.79
204.29	201.53	2.75
204.43	201.62	2.81
204.57	201.71	2.86
204.71	201.88	2.83
204.86	201.97	2.88
205.00	202.06	2.94
205.14	202.15	2.99
205.29	202.32	2.96
205.43	202.41	3.02
205.57	202.50	3.07
205.71	202.50	3.21
205.86	202.59	3.27
206.00	202.68	3.32
206.14	202.76	3.38
206.29	202.94	3.35
206.43	203.03	3.40
206.57	203.12	3.46
206.71	203.20	3.51
206.86	203.38	3.48
207.00	203.47	3.53
207.14	203.55	3.59
207.29	203.73	3.56
207.43	203.73	3.70
207.57	203.91	3.67
207.71	203.99	3.72
207.86	204.17	3.69
208.00	204.26	3.74
208.14	204.26	3.89
208.29	204.43	3.85
208.43	204.52	3.91
208.57	204.70	3.87
208.71	204.79	3.93
208.86	204.87	3.98
209.00	204.96	4.04
209.14	205.14	4.01
209.29	205.14	4.15
209.43	205.22	4.20
209.57	205.31	4.26
209.71	205.40	4.31
209.86	205.58	4.28
210.00	205.66	4.34
210.14	205.75	4.39
210.29	205.84	4.45
210.43	206.02	4.41
210.57	206.02	4.56
210.71	206.10	4.61
210.86	206.19	4.67
211.00	206.28	4.72
211.14	206.37	4.78
211.29	206.45	4.83
211.43	206.54	4.89
211.57	206.63	4.94
211.71	206.81	4.91
211.86	206.89	4.96
212.00	206.98	5.02
212.14	207.16	4.98
212.29	207.25	5.04
212.43	207.42	5.01
212.57	207.51	5.06
212.71	207.60	5.12
212.86	207.77	5.08
213.00	207.95	5.05
213.14	208.04	5.11
213.29	208.21	5.07
213.43	208.30	5.13
213.57	208.48	5.09
213.71	208.56	5.15
213.86	208.74	5.12
214.00	208.83	5.17
214.14	208.83	5.31
214.29	208.92	5.37
214.43	209.00	5.42
214.57	209.09	5.48
214.71	209.18	5.53
214.86	209.36	5.50
215.00	209.44	5.56
215.14	209.53	5.61
215.29	209.62	5.67
215.43	209.79	5.63
215.57	209.88	5.69
215.71	210.06	5.66
215.86	210.15	5.71
216.00	210.23	5.77
216.14	210.32	5.82
216.29	210.50	5.79
216.43	210.67	5.75
216.57	210.76	5.81
216.71	210.94	5.78
216.86	211.03	5.83
217.00	211.20	5.80
217.14	211.29	5.85
217.29	211.38	5.91
217.43	211.46	5.96
217.57	211.64	5.93
217.71	211.73	5.99
217.86	211.82	6.04
218.00	211.90	6.10
218.14	211.90	6.24
218.29	212.08	6.21
218.43	212.26	6.17
218.57	212.43	6.14
218.71	212.52	6.19
218.86	212.70	6.16
219.00	212.78	6.22
219.14	212.87	6.27
219.29	212.96	6.33
219.43	213.05	6.38
219.57	213.13	6.44
219.71	213.22	6.49
219.86	213.40	6.46
220.00	213.49	6.51
220.14	213.57	6.57
220.29	213.75	6.54
220.43	213.84	6.59
220.57	214.01	6.56
220.71	214.10	6.61
220.86	214.28	6.58
221.00	214.37	6.63
221.14	214.45	6.69
221.29	214.63	6.66
221.43	214.80	6.62
221.57	214.89	6.68
221.71	214.98	6.73
221.86	215.16	6.70
222.00	215.24	6.76
222.14	215.42	6.72
222.29	215.51	6.78
222.43	215.60	6.83
222.57	215.68	6.89
222.71	215.86	6.86
222.86	215.86	7.00
223.00	215.95	7.05
223.14	216.04	7.11
223.29	216.12	7.16
223.43	216.21	7.22
223.57	216.30	7.27
223.71	216.47	7.24
223.86	216.56	7.29
224.00	216.65	7.35
224.14	216.74	7.40
224.29	216.91	7.37
224.43	217.00	7.43
224.57	217.09	7.48
224.71	217.27	7.45
224.86	217.35	7.50
225.00	217.44	7.56
225.14	217.53	7.61
225.29	217.70	7.58
225.43	217.79	7.64
225.57	217.88	7.69
225.71	218.06	7.66
225.86	218.14	7.71
226.00	218.23	7.77
226.14	218.41	7.73
226.29	218.50	7.79
226.43	218.58	7.84
226.57	218.67	7.90
226.71	218.76	7.95
226.86	218.85	8.01
227.00	219.11	7.89
227.14	219.20	7.94
227.29	219.20	8.09
227.43	219.37	8.05
227.57	219.46	8.11
227.71	219.55	8.16
227.86	219.64	8.22
228.00	219.73	8.27
228.14	219.90	8.24
228.29	219.99	8.30
228.43	220.08	8.35
228.57	220.17	8.41
228.71	220.34	8.37
228.86	220.52	8.34
229.00	220.61	8.39
229.14	220.78	8.36
229.29	220.87	8.42
229.43	221.04	8.38
229.57	221.22	8.35
229.71	221.31	8.41
229.86	221.40	8.46
230.00	221.57	8.43
230.14	221.66	8.48
230.29	221.75	8.54
230.43	221.92	8.50
230.57	222.01	8.56
230.71	222.10	8.61
230.86	222.28	8.58
231.00	222.36	8.64
231.14	222.45	8.69
231.29	222.54	8.75
231.43	222.63	8.80
231.57	222.63	8.94
231.71	222.71	9.00
231.86	222.80	9.05
232.00	222.89	9.11
232.14	223.07	9.08
232.29	223.15	9.13
232.43	223.24	9.19
232.57	223.33	9.24
232.71	223.42	9.30
232.86	223.59	9.26
233.00	223.68	9.32
233.14	223.77	9.37
233.29	223.95	9.34
233.43	224.03	9.40
233.57	224.21	9.36
233.71	224.30	9.42
233.86	224.38	9.47
234.00	224.47	9.53
234.14	224.65	9.49
234.29	224.74	9.55
234.43	224.82	9.60
234.57	224.91	9.66
234.71	225.09	9.63
234.86	225.18	9.68
235.00	225.26	9.74
235.14	225.35	9.79
235.29	225.44	9.85
235.43	225.53	9.90
235.57	225.62	9.96
235.71	225.79	9.92
235.86	225.97	9.89
236.00	226.05	9.95
236.14	226.14	10.00
236.29	226.23	10.06
236.43	226.32	10.11
236.57	226.32	10.25
236.71	226.49	10.22
236.86	226.58	10.28
237.00	226.67	10.33
237.14	226.67	10.47
237.29	226.85	10.44
237.43	226.93	10.50
237.57	227.11	10.46
237.71	227.20	10.52
237.86	227.37	10.48
238.00	227.46	10.54
238.14	227.55	10.59
238.29	227.72	10.56
238.43	227.90	10.53
238.57	227.99	10.58
238.71	228.16	10.55
238.86	228.25	10.61
239.00	228.43	10.57
239.14	228.52	10.63
239.29	228.69	10.59
239.43	228.78	10.65
239.57	228.96	10.62
239.71	229.04	10.67
239.86	229.13	10.73
240.00	229.22	10.78
240.14	229.22	10.92
240.29	229.39	10.89
240.43	229.48	10.95
240.57	229.57	11.00
240.71	229.75	10.97
240.86	229.83	11.02
241.00	229.92	11.08
241.14	230.01	11.13
241.29	230.19	11.10
241.43	230.27	11.16
241.57	230.45	11.12
241.71	230.54	11.18
241.86	230.62	11.23
242.00	230.80	11.20
242.14	230.89	11.25
242.29	230.98	11.31
242.43	231.06	11.36
242.57	231.24	11.33
242.71	231.33	11.39
242.86	231.50	11.35
243.00	231.59	11.41
243.14	231.68	11.46
243.29	231.86	11.43
243.43	231.94	11.49
243.57	232.12	11.45
243.71	232.21	11.51
243.86	232.21	11.65
244.00	232.38	11.62
244.14	232.56	11.58
244.29	232.65	11.64
244.43	232.73	11.69
244.57	232.82	11.75
244.71	232.91	11.80
244.86	233.00	11.86
245.00	233.09	11.91
245.14	233.17	11.97
245.29	233.26	12.02
245.43	233.44	11.99
245.57	233.53	12.05
245.71	233.61	12.10
245.86	233.79	12.07
246.00	233.88	12.12
246.14	234.05	12.09
246.29	234.23	12.06
246.43	234.32	12.11
246.57	234.40	12.17
246.71	234.58	12.13
246.86	234.76	12.10
247.00	234.84	12.16
247.14	235.02	12.12
247.29	235.20	12.09
247.43	235.37	12.06
247.57	235.55	12.02
247.71	235.63	12.08
247.86	235.81	12.05
248.00	235.99	12.01
248.14	236.07	12.07
248.29	236.25	12.04
248.43	236.34	12.09
248.57	236.43	12.15
248.71	236.43	12.29
248.86	236.51	12.34
249.00	236.60	12.40
249.14	236.78	12.37
249.29	236.87	12.42
249.43	237.04	12.39
249.57	237.13	12.44
249.71	237.30	12.41
249.86	237.39	12.46
250.00	237.48	12.52
250.14	237.66	12.49
250.29	237.83	12.45
250.43	237.92	12.51
250.57	238.10	12.48
250.71	238.27	12.44
250.86	238.36	12.50
251.00	238.45	12.55
251.14	238.54	12.61
251.29	238.71	12.57
251.43	238.89	12.54
251.57	238.97	12.60
251.71	239.06	12.65
251.86	239.24	12.62
252.00	239.33	12.67
252.14	239.50	12.64
252.29	239.59	12.70
252.43	239.68	12.75
252.57	239.77	12.81
252.71	239.94	12.77
252.86	240.12	12.74
253.00	240.29	12.71
253.14	240.38	12.76
253.29	240.56	12.73
253.43	240.64	12.78
253.57	240.73	12.84
253.71	240.82	12.89
253.86	240.91	12.95
254.00	241.08	12.92
254.14	241.17	12.97
254.29	241.26	13.03
254.43	241.44	12.99
254.57	241.61	12.96
254.71	241.70	13.02
254.86	241.87	12.98
255.00	241.96	13.04
255.14	242.14	13.00
255.29	242.31	12.97
255.43	242.49	12.94
255.57	242.67	12.91
255.71	242.84	12.87
255.86	243.02	12.84
256.00	243.11	12.89
256.14	243.28	12.86
256.29	243.46	12.83
256.43	243.54	12.88
256.57	243.72	12.85
256.71	243.81	12.91
256.86	243.98	12.87
257.00	244.07	12.93
257.14	244.07	13.07
257.29	244.16	13.13
257.43	244.25	13.18
257.57	244.34	13.24
257.71	244.51	13.20
257.86	244.60	13.26
258.00	244.69	13.31
258.14	244.78	13.37
258.29	244.86	13.42
258.43	245.04	13.39
258.57	245.13	13.44
258.71	245.30	13.41
258.86	245.39	13.47
259.00	245.48	13.52
259.14	245.65	13.49
259.29	245.83	13.46
259.43	245.92	13.51
259.57	246.01	13.57
259.71	246.09	13.62
259.86	246.27	13.59
260.00	246.45	13.55
260.14	246.53	13.61
260.29	246.62	13.66
260.43	246.80	13.63
260.57	246.88	13.69
260.71	247.06	13.65
260.86	247.15	13.71
261.00	247.24	13.76
261.14	247.32	13.82
261.29	247.50	13.79
261.43	247.68	13.75
261.57	247.68	13.90
261.71	247.85	13.86
261.86	247.94	13.92
262.00	248.03	13.97
262.14	248.12	14.03
262.29	248.20	14.08
262.43	248.38	14.05
262.57	248.47	14.10
262.71	248.55	14.16
262.86	248.64	14.21
263.00	248.73	14.27
263.14	248.91	14.24
263.29	248.99	14.29
263.43	249.17	14.26
263.57	249.26	14.31
263.71	249.43	14.28
263.86	249.52	14.34
264.00	249.70	14.30
264.14	249.87	14.27
264.29	250.05	14.24
264.43	250.22	14.20
264.57	250.49	14.08
264.71	250.66	14.05
264.86	250.75	14.11
265.00	250.93	14.07
265.14	251.10	14.04
265.29	251.28	14.01
265.43	251.46	13.97
265.57	251.54	14.03
265.71	251.63	14.08
265.86	251.63	14.23
266.00	251.81	14.19
266.14	251.89	14.25
266.29	252.07	14.22
266.43	252.25	14.18
266.57	252.33	14.24
266.71	252.51	14.20
266.86	252.69	14.17
267.00	252.86	14.14
267.14	252.95	14.19
267.29	253.12	14.16
267.43	253.30	14.13
267.57	253.39	14.18
267.71	253.56	14.15
267.86	253.65	14.20
268.00	253.83	14.17
268.14	254.00	14.14
268.29	254.09	14.19
268.43	254.27	14.16
268.57	254.44	14.13
268.71	254.62	14.10
268.86	254.79	14.06
269.00	254.88	14.12
269.14	255.06	14.08
269.29	255.23	14.05
269.43	255.41	14.02
269.57	255.50	14.07
269.71	255.67	14.04
269.86	255.85	14.01
270.00	256.03	13.97
270.14	256.29	13.85
270.29	256.38	13.91
270.43	256.55	13.88
270.57	256.64	13.93
270.71	256.73	13.99
270.86	256.90	13.95
271.00	256.99	14.01
271.14	257.17	13.97
271.29	257.26	14.03
271.43	257.34	14.08
271.57	257.52	14.05
271.71	257.70	14.02
271.86	257.87	13.99
272.00	257.96	14.04
272.14	258.13	14.01
272.29	258.31	13.98
272.43	258.49	13.94
272.57	258.66	13.91
272.71	258.84	13.88
272.86	259.01	13.84
273.00	259.10	13.90
273.14	259.28	13.87
273.29	259.45	13.83
273.43	259.63	13.80
273.57	259.80	13.77
273.71	259.89	13.82
273.86	260.07	13.79
274.00	260.24	13.76
274.14	260.33	13.81
274.29	260.51	13.78
274.43	260.60	13.83
274.57	260.68	13.89
274.71	260.77	13.94
274.86	260.95	13.91
275.00	261.12	13.88
275.14	261.30	13.84
275.29	261.47	13.81
275.43	261.56	13.87
275.57	261.65	13.92
275.71	261.83	13.89
275.86	262.00	13.86
276.00	262.09	13.91
276.14	262.27	13.88
276.29	262.35	13.93
276.43	262.44	13.99
276.57	262.62	13.95
276.71	262.71	14.01
276.86	262.88	13.98
277.00	263.06	13.94
277.14	263.23	13.91
277.29	263.41	13.88
277.43	263.58	13.84
277.57	263.76	13.81
277.71	263.94	13.78
277.86	264.11	13.75
278.00	264.29	13.71
278.14	264.46	13.68
278.29	264.64	13.65
278.43	264.99	13.44
278.57	265.17	13.41
278.71	265.25	13.46
278.86	265.52	13.34
279.00	265.69	13.31
279.14	265.87	13.27
279.29	265.96	13.33
279.43	266.04	13.38
279.57	266.22	13.35
279.71	266.31	13.41
279.86	266.48	13.37
280.00	266.57	13.43
280.14	266.75	13.39
280.29	267.01	13.27
280.43	267.19	13.24
280.57	267.36	13.21
280.71	267.45	13.26
280.86	267.63	13.23
281.00	267.89	13.11
281.14	268.07	13.08
281.29	268.15	13.13
281.43	268.33	13.10
281.57	268.51	13.07
281.71	268.68	13.03
281.86	268.86	13.00
282.00	269.03	12.97
282.14	269.21	12.93
282.29	269.38	12.90
282.43	269.56	12.87
282.57	269.74	12.84
282.71	269.82	12.89
282.86	270.00	12.86
283.00	270.09	12.91
283.14	270.18	12.97
283.29	270.35	12.93
283.43	270.53	12.90
283.57	270.62	12.96
283.71	270.79	12.92
283.86	270.88	12.98
284.00	270.97	13.03
284.14	271.14	13.00
284.29	271.32	12.97
284.43	271.49	12.93
284.57	271.67	12.90
284.71	271.76	12.96
284.86	271.93	12.92
285.00	272.11	12.89
285.14	272.20	12.95
285.29	272.29	13.00
285.43	272.46	12.97
285.57	272.64	12.93
285.71	272.72	12.99
285.86	272.90	12.96
286.00	273.08	12.92
286.14	273.25	12.89
286.29	273.34	12.95
286.43	273.52	12.91
286.57	273.69	12.88
286.71	273.78	12.94
286.86	273.96	12.90
287.00	274.04	12.96
287.14	274.31	12.84
287.29	274.57	12.72
287.43	274.75	12.68
287.57	274.83	12.74
287.71	275.01	12.70
287.86	275.10	12.76
288.00	275.19	12.81
288.14	275.36	12.78
288.29	275.54	12.75
288.43	275.62	12.80
288.57	275.71	12.86
288.71	275.89	12.83
288.86	276.06	12.79
289.00	276.24	12.76
289.14	276.42	12.73
289.29	276.50	12.78
289.43	276.68	12.75
289.57	276.94	12.63
289.71	277.12	12.60
289.86	277.29	12.56
290.00	277.56	12.44
290.14	277.73	12.41
290.29	278.00	12.29
290.43	278.17	12.25
290.57	278.35	12.22
290.71	278.53	12.19
290.86	278.70	12.16
291.00	278.88	12.12
291.14	279.05	12.09
291.29	279.14	12.15
291.43	279.23	12.20
291.57	279.32	12.26
291.71	279.40	12.31
291.86	279.58	12.28
292.00	279.76	12.24
292.14	279.93	12.21
292.29	280.11	12.18
292.43	280.28	12.15
292.57	280.37	12.20
292.71	280.55	12.17
292.86	280.72	12.13
293.00	280.90	12.10
293.14	281.07	12.07
293.29	281.25	12.04
293.43	281.34	12.09
293.57	281.51	12.06
293.71	281.69	12.02
293.86	281.87	11.99
294.00	281.95	12.05
294.14	282.22	11.93
294.29	282.39	11.89
294.43	282.57	11.86
294.57	282.74	11.83
294.71	282.92	11.79
294.86	283.10	11.76
295.00	283.27	11.73
295.14	283.36	11.78
295.29	283.54	11.75
295.43	283.71	11.72
295.57	283.89	11.68
295.71	284.06	11.65
295.86	284.15	11.71
296.00	284.33	11.67
296.14	284.50	11.64
296.29	284.59	11.70
296.43	284.68	11.75
296.57	284.85	11.72
296.71	284.94	11.77
296.86	285.12	11.74
297.00	285.29	11.71
297.14	285.38	11.76
297.29	285.56	11.73
297.43	285.73	11.70
297.57	285.91	11.66
297.71	286.08	11.63
297.86	286.26	11.60
298.00	286.44	11.56
298.14	286.70	11.44
298.29	286.87	11.41
298.43	287.05	11.38
298.57	287.31	11.26
298.71	287.58	11.14
298.86	287.75	11.10
299.00	288.02	10.98
299.14	288.19	10.95
299.29	288.46	10.83
299.43	288.63	10.80
299.57	288.81	10.76
299.71	288.98	10.73
299.86	289.07	10.78
300.00	289.25	10.75
300.14	289.25	10.89
300.29	289.34	10.95
300.43	289.51	10.92
300.57	289.69	10.88
300.71	289.86	10.85
300.86	290.04	10.82
301.00	290.21	10.79
301.14	290.39	10.75
301.29	290.65	10.63
301.43	290.83	10.60
301.57	291.01	10.57
301.71	291.09	10.62
301.86	291.27	10.59
302.00	291.45	10.55
302.14	291.62	10.52
302.29	291.80	10.49
302.43	291.97	10.46
302.57	292.06	10.51
302.71	292.32	10.39
302.86	292.59	10.27
303.00	292.76	10.24
303.14	292.94	10.20
303.29	293.20	10.08
303.43	293.38	10.05
303.57	293.55	10.02
303.71	293.64	10.07
303.86	293.73	10.13
304.00	293.91	10.09
304.14	294.08	10.06
304.29	294.43	9.85
304.43	294.70	9.73
304.57	294.87	9.70
304.71	294.96	9.75
304.86	295.14	9.72
305.00	295.22	9.78
305.14	295.40	9.74
305.29	295.58	9.71
305.43	295.66	9.76
305.57	295.93	9.64
305.71	296.02	9.70
305.86	296.19	9.67
306.00	296.46	9.54
306.14	296.63	9.51
306.29	296.81	9.48
306.43	296.98	9.45
306.57	297.16	9.41
306.71	297.42	9.29
306.86	297.60	9.26
307.00	297.77	9.23
307.14	297.95	9.19
307.29	298.12	9.16
307.43	298.30	9.13
307.57	298.48	9.09
307.71	298.65	9.06
307.86	298.83	9.03
308.00	299.00	9.00
308.14	299.18	8.96
308.29	299.36	8.93
308.43	299.53	8.90
308.57	299.62	8.95
308.71	299.71	9.01
308.86	299.79	9.06
309.00	299.97	9.03
309.14	300.15	9.00
309.29	300.32	8.96
309.43	300.50	8.93
309.57	300.67	8.90
309.71	300.76	8.95
309.86	301.03	8.83
310.00	301.11	8.89
310.14	301.29	8.85
310.29	301.46	8.82
310.43	301.55	8.88
310.57	301.82	8.76
310.71	301.90	8.81
310.86	302.08	8.78
311.00	302.17	8.83
311.14	302.34	8.80
311.29	302.52	8.77
311.43	302.70	8.73
311.57	302.87	8.70
311.71	303.05	8.67
311.86	303.22	8.63
312.00	303.31	8.69
312.14	303.49	8.66
312.29	303.66	8.62
312.43	303.75	8.68
312.57	303.93	8.65
312.71	304.19	8.52
312.86	304.37	8.49
313.00	304.45	8.55
313.14	304.63	8.51
313.29	304.80	8.48
313.43	304.89	8.54
313.57	305.07	8.50
313.71	305.16	8.56
313.86	305.33	8.53
314.00	305.42	8.58
314.14	305.60	8.55
314.29	305.68	8.60
314.43	305.86	8.57
314.57	306.04	8.54
314.71	306.21	8.50
314.86	306.39	8.47
315.00	306.56	8.44
315.14	306.74	8.40
315.29	307.00	8.28
315.43	307.18	8.25
315.57	307.44	8.13
315.71	307.62	8.10
315.86	307.88	7.98
316.00	308.14	7.86
316.14	308.32	7.82
316.29	308.50	7.79
316.43	308.76	7.67
316.57	308.94	7.64
316.71	309.20	7.52
316.86	309.29	7.57
317.00	309.46	7.54
317.14	309.55	7.59
317.29	309.64	7.65
317.43	309.81	7.61
317.57	309.90	7.67
317.71	310.08	7.64
317.86	310.25	7.60
318.00	310.43	7.57
318.14	310.61	7.54
318.29	310.78	7.50
318.43	310.96	7.47
318.57	311.13	7.44
318.71	311.40	7.32
318.86	311.57	7.28
319.00	311.75	7.25
319.14	311.92	7.22
319.29	312.19	7.10
319.43	312.28	7.15
319.57	312.45	7.12
319.71	312.63	7.09
319.86	312.80	7.05
320.00	313.07	6.93
320.14	313.15	6.99
320.29	313.33	6.96
320.43	313.51	6.92
320.57	313.68	6.89
320.71	313.86	6.86
320.86	314.03	6.82
321.00	314.21	6.79
321.14	314.38	6.76
321.29	314.56	6.73
321.43	314.82	6.60
321.57	315.09	6.48
321.71	315.26	6.45
321.86	315.44	6.42
322.00	315.53	6.47
322.14	315.70	6.44
322.29	315.79	6.49
322.43	315.97	6.46
322.57	316.14	6.43
322.71	316.32	6.40
322.86	316.41	6.45
323.00	316.58	6.42
323.14	316.85	6.30
323.29	317.02	6.26
323.43	317.20	6.23
323.57	317.37	6.20
323.71	317.55	6.17
323.86	317.81	6.04
324.00	317.99	6.01
324.14	318.25	5.89
324.29	318.43	5.86
324.43	318.69	5.74
324.57	318.96	5.62
324.71	319.13	5.58
324.86	319.31	5.55
325.00	319.57	5.43
325.14	319.75	5.40
325.29	319.92	5.36
325.43	320.10	5.33
325.57	320.27	5.30
325.71	320.36	5.35
325.86	320.45	5.41
326.00	320.54	5.46
326.14	320.71	5.43
326.29	320.89	5.40
326.43	320.98	5.45
326.57	321.24	5.33
326.71	321.42	5.30
326.86	321.50	5.35
327.00	321.77	5.23
327.14	321.86	5.29
327.29	322.03	5.25
327.43	322.29	5.13
327.57	322.38	5.19
327.71	322.65	5.07
327.86	322.82	5.03
328.00	323.00	5.00
328.14	323.09	5.06
328.29	323.35	4.94
328.43	323.53	4.90
328.57	323.70	4.87
328.71	323.88	4.84
328.86	324.14	4.72
329.00	324.32	4.68
329.14	324.49	4.65
329.29	324.67	4.62
329.43	324.84	4.58
329.57	324.93	4.64
329.71	325.11	4.61
329.86	325.37	4.49
330.00	325.55	4.45
330.14	325.63	4.51
330.29	325.90	4.39
330.43	326.07	4.35
330.57	326.16	4.41
330.71	326.25	4.46
330.86	326.43	4.43
331.00	326.51	4.49
331.14	326.69	4.45
331.29	326.87	4.42
331.43	327.04	4.39
331.57	327.22	4.35
331.71	327.39	4.32
331.86	327.57	4.29
332.00	327.74	4.26
332.14	327.92	4.22
332.29	328.10	4.19
332.43	328.36	4.07
332.57	328.54	4.04
332.71	328.71	4.00
332.86	328.97	3.88
333.00	329.15	3.85
333.14	329.33	3.82
333.29	329.50	3.78
333.43	329.77	3.66
333.57	329.94	3.63
333.71	330.12	3.60
333.86	330.29	3.56
334.00	330.38	3.62
334.14	330.56	3.59
334.29	330.73	3.55
334.43	330.82	3.61
334.57	330.91	3.66
334.71	331.00	3.72
334.86	331.17	3.69
335.00	331.35	3.65
335.14	331.52	3.62
335.29	331.61	3.67
335.43	331.70	3.73
335.57	331.87	3.70
335.71	332.05	3.66
335.86	332.23	3.63
336.00	332.31	3.69
336.14	332.49	3.65
336.29	332.67	3.62
336.43	332.84	3.59
336.57	333.02	3.55
336.71	333.19	3.52
336.86	333.37	3.49
337.00	333.46	3.54
337.14	333.72	3.42
337.29	333.81	3.48
337.43	333.98	3.44
337.57	334.07	3.50
337.71	334.25	3.47
337.86	334.42	3.43
338.00	334.51	3.49
338.14	334.69	3.46
338.29	334.78	3.51
338.43	334.95	3.48
338.57	335.21	3.36
338.71	335.48	3.24
338.86	335.57	3.29
339.00	335.74	3.26
339.14	335.83	3.31
339.29	335.92	3.37
339.43	336.01	3.42
339.57	336.18	3.39
339.71	336.36	3.36
339.86	336.45	3.41
340.00	336.53	3.47
340.14	336.71	3.43
340.29	336.88	3.40
340.43	337.06	3.37
340.57	337.15	3.42
340.71	337.32	3.39
340.86	337.50	3.36
341.00	337.68	3.32
341.14	337.85	3.29
341.29	338.12	3.17
341.43	338.29	3.14
341.57	338.55	3.02
341.71	338.73	2.98
341.86	338.99	2.86
342.00	339.17	2.83
342.14	339.35	2.80
342.29	339.52	2.76
342.43	339.70	2.73
342.57	339.87	2.70
342.71	340.05	2.67
342.86	340.14	2.72
343.00	340.22	2.78
343.14	340.31	2.83
343.29	340.40	2.89
343.43	340.66	2.76
343.57	340.84	2.73
343.71	341.02	2.70
343.86	341.19	2.67
344.00	341.37	2.63
344.14	341.54	2.60
344.29	341.63	2.65
344.43	341.81	2.62
344.57	341.98	2.59
344.71	342.16	2.56
344.86	342.33	2.52
345.00	342.51	2.49
345.14	342.69	2.46
345.29	342.86	2.42
345.43	343.04	2.39
345.57	343.21	2.36
345.71	343.48	2.24
345.86	343.56	2.29
346.00	343.74	2.26
346.14	343.92	2.23
346.29	344.09	2.19
346.43	344.18	2.25
346.57	344.36	2.22
346.71	344.44	2.27
346.86	344.62	2.24
347.00	344.88	2.12
347.14	345.06	2.08
347.29	345.15	2.14
347.43	345.32	2.11
347.57	345.50	2.07
347.71	345.59	2.13
347.86	345.67	2.18
348.00	345.85	2.15
348.14	345.94	2.21
348.29	346.11	2.17
348.43	346.29	2.14
348.57	346.38	2.19
348.71	346.55	2.16
348.86	346.73	2.13
349.00	346.90	2.10
349.14	347.08	2.06
349.29	347.26	2.03
349.43	347.43	2.00
349.57	347.61	1.96
349.71	347.78	1.93
349.86	347.96	1.90
350.00	348.22	1.78
350.14	348.31	1.83
350.29	348.49	1.80
350.43	348.66	1.77
350.57	348.84	1.73
350.71	349.01	1.70
350.86	349.19	1.67
351.00	349.37	1.63
351.14	349.54	1.60
351.29	349.63	1.66
351.43	349.80	1.62
351.57	349.80	1.77
351.71	349.89	1.82
351.86	350.07	1.79
352.00	350.24	1.76
352.14	350.33	1.81
352.29	350.51	1.78
352.43	350.68	1.74
352.57	350.77	1.80
352.71	350.95	1.77
352.86	351.12	1.73
353.00	351.30	1.70
353.14	351.47	1.67
353.29	351.56	1.72
353.43	351.74	1.69
353.57	351.91	1.66
353.71	352.09	1.62
353.86	352.18	1.68
354.00	352.35	1.65
354.14	352.53	1.61
354.29	352.71	1.58
354.43	352.88	1.55
354.57	353.06	1.51
354.71	353.23	1.48
354.86	353.41	1.45
355.00	353.58	1.42
355.14	353.67	1.47
355.29	353.85	1.44
355.43	354.02	1.41
355.57	354.20	1.37
355.71	354.46	1.25
355.86	354.73	1.13
356.00	354.90	1.10
356.14	355.08	1.06
356.29	355.17	1.12
356.43	355.25	1.17
356.57	355.34	1.23
356.71	355.52	1.20
356.86	355.69	1.16
357.00	355.87	1.13
357.14	355.96	1.19
357.29	356.13	1.15
357.43	356.40	1.03
357.57	356.57	1.00
357.71	356.75	0.97
357.86	356.84	1.02
358.00	357.10	0.90
358.14	357.28	0.87
358.29	357.45	0.83
358.43	357.54	0.89
358.57	357.71	0.86
358.71	357.89	0.82
358.86	358.15	0.70
359.00	358.24	0.76
359.14	358.42	0.72
359.29	358.59	0.69
359.43	358.77	0.66
359.57	358.86	0.71
359.71	359.03	0.68
359.86	359.12	0.74
360.00	360.00  0.08